693784512487512936125963874932651487568247391741398625319475268856129743274836159
793684512486512937125973846932751684578246391641398725319465278857129463264837159
673894512912735486845612973798261354526473891134589267469128735287356149351947628
679835412123694758548217936416723895892561374735489621287956143961342587354178269
346795812258431697971862543129576438835214769764389251517948326493627185682153974
598463712742851639316729845175632498869145273423978156934287561681594327257316984
364978512152436978879125634738651429691247385245389167923764851486512793517893246
649835712358217964172649385916784523834521679725963148287356491591472836463198257
367485912425391867189726354873254196651973428294168573718649235946532781532817649
378694512564218397291753684643125978712869453859437261435971826186542739927386145
346895712725361984198427356984256173651783429273149568819674235467532891532918647
349756812826143579157829364593264187761398425284571693915487236478632951632915748
546938712987421536213675498165794283432186975798352641871269354659843127324517869
869725413512934687374168529798246135231857946456319872683571294925483761147692358
562874913839215647174639582345761298728953461916482375283196754651347829497528136
572649813986531472314872596238457961167298345459163287893726154741385629625914738
867942513254731968319568724532496871196827345478153296743689152621375489985214637
967248513254731869318569724835426971126987345479153286743692158681375492592814637
278649513956831472314572896532467981167298345489153267893726154741385629625914738
549728613328561497716493825183654972957832146264179358892347561671985234435216789

